
home_latitude: 00.000000
home_longitude: 00.0000000
home_elevation: 0
